1.06368 6.18116
1.08137 6.07246
1.19104 7.01449
1.20519 6.70048
1.26533 7.66667
1.28302 6.41063
1.30071 6.54348
1.30425 7.84783
1.32193 7.81159
1.32901 6.74879
1.35731 7.55797
1.38915 7.15942
1.39623 6.70048
1.39976 7.14734
1.42453 6.86957
1.44222 6.92995
1.44575 6.86957
1.47406 7.09903
1.48467 6.62802
1.49175 8.45169
1.50943 7.52174
1.51651 7.25604
1.51651 7.25604
1.53066 8.1256
1.54127 7.9686
1.54481 7.37681
1.55542 8.30676
1.55542 8.30676
1.55542 8.30676
1.56604 7.48551
1.56958 8.14976
1.57665 7.84783
1.58019 7.34058
1.59788 7.93237
1.59788 7.93237
1.60142 7.07488
1.61203 7.14734
1.63325 7.42512
1.64387 7.88406
1.65094 8.6087
1.65094 8.6087
1.65448 8.72947
1.66863 7.14734
1.67217 8.72947
1.67925 7.89614
1.69693 7.72705
1.69693 7.72705
1.70047 7.44928
1.70755 8.21014
1.70755 8.21014
1.71108 7.61836
1.71462 7.41304
1.73231 8.05314
1.74292 7.5942
1.74646 8.56039
1.75 7.24396
1.75354 8.89855
1.76061 7.41304
1.76061 7.41304
1.76415 7.30435
1.76769 8.64493
1.76769 8.64493
1.77476 8.08937
1.7783 8.2343
1.78184 8.81401
1.78538 9.16425
1.78892 7.7029
1.79953 6.97826
1.80307 8.53623
1.81014 8.41546
1.81368 8.24638
1.81722 8.08937
1.82429 9.45411
1.82783 7.8599
1.83844 8.68116
1.84552 9.09179
1.85613 8.53623
1.85967 8.59662
1.86321 8.92271
1.86675 8.71739
1.86675 8.71739
1.87736 8.85024
1.87736 8.85024
1.8809 8.59662
1.89151 8.59662
1.89505 8.99517
1.89505 8.99517
1.89858 8.24638
1.9092 9.20048
1.91274 9.09179
1.92335 8.63285
1.92689 9.64734
1.93396 9.00725
1.93396 9.00725
1.95165 9.07971
1.95519 9.34541
1.9658 9.00725
1.97642 8.88647
1.99057 8.95894
1.9941 8.16184
1.99764 9.61111
2.00118 9.20048
2.02241 9.76812
2.02948 9.69565
2.03302 8.6087
2.04009 9.61111
2.04717 9.76812
2.07547 9.63527
2.07901 9.92512
2.09316 9.8285
2.0967 9.20048
2.10377 9.9372
2.11439 9.34541
2.125 10.0459
2.125 10.0459
2.13208 10.1425
2.17453 9.76812
2.1816 10.0942
2.18868 10.5531
2.19222 10.3599
2.19929 10.4807
2.21344 10.1425
2.21344 10.1425
2.22052 10.5169
2.23467 10.5169
2.24175 10.8188
2.24528 10.6618
2.24882 10.6135
2.26297 10.686
2.26651 10.7464
2.27358 10.6256
2.28774 10.9517
2.31604 11.0604
2.33019 10.9155
2.34788 10.9034
2.43986 10.1546
2.4717 11.0362
